Units: momentum (GeV), cross  section (10^  38 cm2/(nucleon x GeV))
bin number    cosTheta min    cosTheta max    momentum min    momentum max    measured xsec 
22    0.8    0.85   0      0.3    0.130715	0.000423056	0.00257451
23    0.8    0.85   0.3    0.4    0.494917	0.000964276	0.00779607
24    0.8    0.85   0.4    0.5    0.76077	0.00153927	0.0140014
25    0.8    0.85   0.5    0.6    0.92914	0.00132543	0.0235797
26    0.8    0.85   0.6    0.7    0.605259	0.000684039	0.0306291
27    0.8    0.85   0.7    0.8    0.478013	0.000841548	0.0284511
28    0.8    0.85   0.8    1      0.330544	0.000240288	0.00704688
29    0.8    0.85   1     30      0.001706	2.76271e-08	2.66591e-07
