Units: momentum (GeV), cross  section (10^  38 cm2/(nucleon x GeV))
bin number    cosTheta min    cosTheta max    momentum min    momentum max    measured xsec 
58    0.98   1      0      0.5    0.130586	0.000195165	0.000863148
59    0.98   1      0.5    0.6    0.225854	0.000169209	0.00645918
60    0.98   1      0.6    0.7    0.338863	0.000307528	0.00944247
61    0.98   1      0.7    0.8    0.301963	0.000205191	0.0116569
62    0.98   1      0.8    1.25   0.117946	1.50432e-05	0.00108768
63    0.98   1      1.25   2      0.239808	7.0746e-05	0.00104146
64    0.98   1      2      3      0.283177	0.000165534	0.00159072
65    0.98   1      3      5      0.281044	0.000119032	0.000566064
66    0.98   1      5     30      0.0128204	9.25656e-07	2.22903e-06
