Units: momentum (GeV), cross  section (10^  38 cm2/(nucleon x GeV))
bin number    cosTheta min    cosTheta max    momentum min    momentum max    measured xsec 
39    0.9    0.94   0      0.4    0.11857	0.000235402	0.00108299
40    0.9    0.94   0.4    0.5    0.652239	0.00210253	0.0153272
41    0.9    0.94   0.5    0.6    0.821718	0.00213121	0.019685
42    0.9    0.94   0.6    0.7    0.474617	0.000347361	0.0140856
43    0.9    0.94   0.7    0.8    0.584867	0.000541694	0.0192348
44    0.9    0.94   0.8    1.25   0.351801	0.000212825	0.00178988
45    0.9    0.94   1.25   2      0.113308	2.71605e-05	0.000405979
46    0.9    0.94   2     30      0.00152386	3.42168e-08	7.00976e-07
